1                             
                              
                              
                              
                              
                              
                        0     
                        0     
                        0     
                        0     
                        0     
   0000                 0     
      0                 0     
      0                       
      0         0             
  0   0         0             
  0             0             
  0                           
                              
  0                           
  0                           
  0          000U             
  0          0 0              
  0          0 0              
  0          0 0              
  0          0U0              
  0  U       0 000            
  000000000000        0       
                      0       
                  00000000000 