3                             
                              
            0                 
  000000    0        D        
      D     0                 
            0        D        
            0        0      0 
 0000       0        0D     0 
 0  0       0        0      0 
 0  0       0        0      0 
 0  D       0        0      0 
 0          0        0    000 
 0          0              D  
 0   000    0                 
 0     0    0D                
 0     0    0                 
 0     0                  0000
 0     0                  0   
 000000000000             0   
                          0   
                          0   
                          0   
                      0   0000
     000000000000     00     0
       D        0      000   0
                0           00
                0             
                0             
              000             
                              