                              
                              
                     000000   
                     U        
      U        0     0 0  000 
     0000      0     U 0  0   
        0      0       0  0   
        0      0      U0  0   
        0      0       0      
        0      0              
    U   0      0              
        0      0              
        0     00000        U  
   0    0     0   0  000000000
   0 0  0    U0   0  0        
   0 0  0     0   0000        
   0 00 0     0   0           
   0          0   0           
   0          00000           
   0                          
   0                          
   0            D0    0000000 
                 0      0     
   0             0      0   0 
   0   U         0      0   0 
   00000000000D  0000   0     
     D                  0  0  
                        0  0  
                              
              000             
